1.898749999999999091e+03
-4.100399015564137528e+01
5.860708111369808648e+01
-3.336656147509542620e+02
-5.178077836089174752e+02
1.167966152346653885e+01
3.476665674864156585e+01
-2.005111973643561640e+01
4.344420790879306082e+01
-5.075900259079705279e+01
5.654857117219079754e+01
-4.928367778304784252e+01
3.339453393755579924e+01
-1.603912646078359927e+00
9.839210853636430443e+00
-4.948339715651560056e+00
7.943284637749012944e+00
-6.045032963220364763e-02
8.749783684427043795e+00
-1.062634098906248425e+01
4.481069827971506214e+00
4.996191146913421477e+00
-5.915093925350756621e+00
1.028311648323299465e+00
-8.177670049527563378e-02
4.769298090485232677e+00
-6.245504392508209435e+00
8.748990266481264655e-01
4.378875320552406691e+00
-5.518566915694826491e+00
2.014629488065558860e+00
2.459497867104172286e+00
-3.244206316047844041e+00
-1.166510266411151520e+00
3.820437191021252232e+00
-7.782477012815434136e-01
2.273338254703947570e+00
-5.013333628289657895e-01
1.880700965124390223e+00
-4.984923922169635091e-01
3.432217438589937331e-01
-1.052511090405676697e+00
2.399654403789252655e+00
8.763055114436504311e-01
-1.714300633113627015e+00
1.828812645880589116e+00
-1.471618128211531484e-01
1.004537064244011901e+00
-1.668639480402305253e-01
-1.439249427264130077e+00
1.382459593790301255e+00
-8.225254820849059456e-02
-1.231676168821525863e+00
5.594396635308385157e-02
1.268974134084292160e+00
-5.109477749507718158e-01
-4.418512726887158237e-02
-7.037723442100123350e-01
6.720379366750037775e-01
-1.803766653462101743e+00
4.426352063799043890e-01
6.853827535621483946e-01
1.626544922539459037e-01
1.012530995917515497e+00
1.033827628263424003e+00
1.194019550294488141e+00
6.841186487910100311e-01
-5.071272221013565229e-01
2.533848664775533166e-01
-7.015142821039788146e-01
-1.282432877529480209e+00
-1.220072020144975511e-01
-2.536248657929753847e-01
-3.990055577109536955e-01
-4.206217740039726039e-01
1.030843231990196784e+00
8.574256054971129970e-02
1.273860482124753446e-01
3.583936272624690389e-01
-1.191200361027782151e-01
3.756214491288751844e-01
-4.943828885988033051e-01
-2.186905841638733250e-01
2.217316932177801903e-01
1.151530693212912126e-01
-5.564863714768613079e-01
7.788098604273052672e-01
1.791769848113844432e-01
-1.222600120239683008e-01
7.868965703990227212e-02
-1.807050663067713003e-01
2.196441114856924059e-01
-3.326318127777874167e-01
-4.972010430954405535e-01
2.070758632460858450e-01
1.070922962073623808e-01
6.119282821279092843e-02
-2.481657974721542814e-01
7.418935539350286490e-01
-4.872007447035358041e-01
1.471596700269071079e-01
4.754136322291930838e-01
-5.715457989647134696e-01
-1.428564227453712476e-01
-1.653151187947763390e-01
-4.755437197138334682e-03
9.784478600310961838e-01
-2.080916530218157590e-01
-1.575893850207013003e-01
1.706682576381588490e-01
-1.699948844086716093e-01
1.167473219967565257e-01
-3.521960313805170273e-01
5.659680312780679401e-02
-2.746177993784968407e-01
3.303069020101787601e-01
3.051686329442251377e-01
-4.152440214277461905e-01
3.665542225202926829e-01
1.419072385109885204e-01
3.333333333921828512e-02
1.617040471231394605e-01
-3.185729388788463012e-01
9.490155243162057275e-02
-7.183769650066018642e-02
-3.598610826259989182e-01
-2.907104759224967694e-01
1.071772650017326356e-01
-3.277386059100706461e-02
-3.148051535732889761e-01
8.551573060301898010e-02
4.202977355909318646e-01
2.515648866905451086e-01
8.317623915295087045e-01
2.163063412092434135e-01
2.884823808350649443e-01
-3.041643492318506503e-01
-7.137735244930922818e-01
2.294536443551287164e-02
1.708211986667098614e-01
-6.313021570870738230e-01
-1.290192820685236441e-01
9.552644105102459093e-02
4.335932559114903384e-01
7.970846754464311346e-02
1.904583419018379686e-01
4.524435013204630707e-02
-5.221576621963821552e-01
-1.541625509521367121e-01
-2.302796922061656204e-01
3.804271493239133051e-01
-8.722227877956090225e-02
-2.521319890399604802e-01
4.016460277490088160e-01
5.094147482326327747e-02
-5.925323398930260055e-03
1.093299298454910584e-01
-3.380560366406850648e-01
-1.129020923978778512e-01
2.127587613213606232e-01
-2.990663719306922985e-01
2.200029529288678454e-01
-2.604526187941065274e-01
-2.028900244980946788e-01
2.298049515430968803e-01
1.870224026619875524e-01
-5.800041855658211176e-02
3.051864484030795133e-01
6.094389140036713393e-01
-3.325343429837790410e-01
1.019406800574116367e-01
1.929134890345423070e-01
-2.246580707361514051e-01
1.153243573287563439e-01
1.173535652663588724e-01
2.131365554890751746e-02
3.082152544404552774e-01
3.514023861581614394e-01
3.571965825516265070e-01
-7.903320626018967010e-02
